"Time, min.","Thrust, lbf","VTAS, fps","Altitude, ft",Total Aircraft CD,Total Aircraft CL,Profile Drag,Induced Drag,Wave Drag
1,0,0,0,0,0,0,0,0
2,69132.4452,558.314290980912,11344.1339928687,0.021352030711526,0.348381803071429,0.017004827485919,0.00434720322560699,0
3,45114.6751015672,536.092923667973,18058.8490916194,0.0281223132335376,0.531695130741041,0.01780960663307,0.0103127066004676,0
4,34439.7408037892,522.494795915837,22692.7932088201,0.0363176965863726,0.694858279825031,0.0183239057334364,0.0179937908529362,0
5,28344.9387262986,615.480335806331,26826.132335248,0.0310079333864496,0.585317205576025,0.0184495407090794,0.0125583926773702,0
6,23674.979620173,605.025868282872,29912.8338459564,0.0369933455799773,0.699789102541987,0.018784103790707,0.0182092417892703,0
7,20611.2239832887,597.099288801041,32283.6341553021,0.0433467793442935,0.802913260352471,0.0190484128421948,0.0242983665020987,0
8,18483.0980768708,689.428761222231,34401.3403733462,0.0372312223532673,0.657201596116594,0.0190233673562469,0.015921230301132,0.00228662469588847
9,16736.0216445433,682.944988864215,36036.8065624395,0.0419264339351239,0.7251763449482,0.0192147700437803,0.0195387756976952,0.00317288819364832
10,15480.4245266291,749.558462700047,37380.0319792283,0.0388246895966813,0.64075920541169,0.0192013269115565,0.0150632115684606,0.00456015111666424
11,10499.6461731531,749.41043416607,37000,0.0411628130400456,0.670579345491626,0.0193247525749738,0.0165484038645861,0.00528965660048572
12,10499.6461731531,749.41043416607,37000,0.0411628130400456,0.670579345491626,0.0193247525749738,0.0165484038645861,0.00528965660048572
13,10499.6461731531,749.41043416607,37000,0.0411628130400456,0.670579345491626,0.0193247525749738,0.0165484038645861,0.00528965660048572
14,10499.6461731531,749.41043416607,37000,0.0411628130400456,0.670579345491626,0.0193247525749738,0.0165484038645861,0.00528965660048572
15,10499.6461731531,749.41043416607,37000,0.0411628130400456,0.670579345491626,0.0193247525749738,0.0165484038645861,0.00528965660048572
16,10499.6461731531,749.41043416607,37000,0.0411628130400456,0.670579345491626,0.0193247525749738,0.0165484038645861,0.00528965660048572
17,10499.6461731531,749.41043416607,37000,0.0411628130400456,0.670579345491626,0.0193247525749738,0.0165484038645861,0.00528965660048572
18,10499.6461731531,749.41043416607,37000,0.0411628130400456,0.670579345491626,0.0193247525749738,0.0165484038645861,0.00528965660048572
19,10499.6461731531,749.41043416607,37000,0.0411628130400456,0.670579345491626,0.0193247525749738,0.0165484038645861,0.00528965660048572
20,10499.6461731531,749.41043416607,37000,0.0411628130400456,0.670579345491626,0.0193247525749738,0.0165484038645861,0.00528965660048572
21,10499.6461731531,749.41043416607,37000,0.0411628130400456,0.670579345491626,0.0193247525749738,0.0165484038645861,0.00528965660048572
22,10499.6461731531,749.41043416607,37000,0.0411628130400456,0.670579345491626,0.0193247525749738,0.0165484038645861,0.00528965660048572
23,10499.6461731531,749.41043416607,37000,0.0411628130400456,0.670579345491626,0.0193247525749738,0.0165484038645861,0.00528965660048572
24,10499.6461731531,749.41043416607,37000,0.0411628130400456,0.670579345491626,0.0193247525749738,0.0165484038645861,0.00528965660048572
25,10499.6461731531,749.41043416607,37000,0.0411628130400456,0.670579345491626,0.0193247525749738,0.0165484038645861,0.00528965660048572
26,10499.6461731531,749.41043416607,37000,0.0411628130400456,0.670579345491626,0.0193247525749738,0.0165484038645861,0.00528965660048572
27,10499.6461731531,749.41043416607,37000,0.0411628130400456,0.670579345491626,0.0193247525749738,0.0165484038645861,0.00528965660048572
28,10499.6461731531,749.41043416607,37000,0.0411628130400456,0.670579345491626,0.0193247525749738,0.0165484038645861,0.00528965660048572
29,10499.6461731531,749.41043416607,37000,0.0411628130400456,0.670579345491626,0.0193247525749738,0.0165484038645861,0.00528965660048572
30,10499.6461731531,749.41043416607,37000,0.0411628130400456,0.670579345491626,0.0193247525749738,0.0165484038645861,0.00528965660048572
31,10499.6461731531,749.41043416607,37000,0.0411628130400456,0.670579345491626,0.0193247525749738,0.0165484038645861,0.00528965660048572
32,10499.6461731531,749.41043416607,37000,0.0411628130400456,0.670579345491626,0.0193247525749738,0.0165484038645861,0.00528965660048572
33,10499.6461731531,749.41043416607,37000,0.0411628130400456,0.670579345491626,0.0193247525749738,0.0165484038645861,0.00528965660048572
34,10499.6461731531,749.41043416607,37000,0.0411628130400456,0.670579345491626,0.0193247525749738,0.0165484038645861,0.00528965660048572
35,10499.6461731531,749.41043416607,37000,0.0411628130400456,0.670579345491626,0.0193247525749738,0.0165484038645861,0.00528965660048572
36,10499.6461731531,749.41043416607,37000,0.0411628130400456,0.670579345491626,0.0193247525749738,0.0165484038645861,0.00528965660048572
37,10499.6461731531,749.41043416607,37000,0.0411628130400456,0.670579345491626,0.0193247525749738,0.0165484038645861,0.00528965660048572
38,10499.6461731531,749.41043416607,37000,0.0411628130400456,0.670579345491626,0.0193247525749738,0.0165484038645861,0.00528965660048572
39,10499.6461731531,749.41043416607,37000,0.0411628130400456,0.670579345491626,0.0193247525749738,0.0165484038645861,0.00528965660048572
40,10499.6461731531,749.41043416607,37000,0.0411628130400456,0.670579345491626,0.0193247525749738,0.0165484038645861,0.00528965660048572
41,10499.6461731531,749.41043416607,37000,0.0411628130400456,0.670579345491626,0.0193247525749738,0.0165484038645861,0.00528965660048572
42,10499.6461731531,749.41043416607,37000,0.0411628130400456,0.670579345491626,0.0193247525749738,0.0165484038645861,0.00528965660048572
43,10499.6461731531,749.41043416607,37000,0.0411628130400456,0.670579345491626,0.0193247525749738,0.0165484038645861,0.00528965660048572
44,10499.6461731531,749.41043416607,37000,0.0411628130400456,0.670579345491626,0.0193247525749738,0.0165484038645861,0.00528965660048572
45,10499.6461731531,749.41043416607,37000,0.0411628130400456,0.670579345491626,0.0193247525749738,0.0165484038645861,0.00528965660048572
46,10499.6461731531,749.41043416607,37000,0.0411628130400456,0.670579345491626,0.0193247525749738,0.0165484038645861,0.00528965660048572
47,10499.6461731531,749.41043416607,37000,0.0411628130400456,0.670579345491626,0.0193247525749738,0.0165484038645861,0.00528965660048572
48,10499.6461731531,749.41043416607,37000,0.0411628130400456,0.670579345491626,0.0193247525749738,0.0165484038645861,0.00528965660048572
49,10499.6461731531,749.41043416607,37000,0.0411628130400456,0.670579345491626,0.0193247525749738,0.0165484038645861,0.00528965660048572
50,10499.6461731531,749.41043416607,37000,0.0411628130400456,0.670579345491626,0.0193247525749738,0.0165484038645861,0.00528965660048572
51,10499.6461731531,749.41043416607,37000,0.0411628130400456,0.670579345491626,0.0193247525749738,0.0165484038645861,0.00528965660048572
52,10499.6461731531,749.41043416607,37000,0.0411628130400456,0.670579345491626,0.0193247525749738,0.0165484038645861,0.00528965660048572
53,10499.6461731531,749.41043416607,37000,0.0411628130400456,0.670579345491626,0.0193247525749738,0.0165484038645861,0.00528965660048572
54,10499.6461731531,749.41043416607,37000,0.0411628130400456,0.670579345491626,0.0193247525749738,0.0165484038645861,0.00528965660048572
55,10499.6461731531,749.41043416607,37000,0.0411628130400456,0.670579345491626,0.0193247525749738,0.0165484038645861,0.00528965660048572
56,10499.6461731531,749.41043416607,37000,0.0411628130400456,0.670579345491626,0.0193247525749738,0.0165484038645861,0.00528965660048572
57,10499.6461731531,749.41043416607,37000,0.0411628130400456,0.670579345491626,0.0193247525749738,0.0165484038645861,0.00528965660048572
58,10499.6461731531,749.41043416607,37000,0.0411628130400456,0.670579345491626,0.0193247525749738,0.0165484038645861,0.00528965660048572
59,10499.6461731531,749.41043416607,37000,0.0411628130400456,0.670579345491626,0.0193247525749738,0.0165484038645861,0.00528965660048572
60,10499.6461731531,749.41043416607,37000,0.0411628130400456,0.670579345491626,0.0193247525749738,0.0165484038645861,0.00528965660048572
61,10499.6461731531,749.41043416607,37000,0.0411628130400456,0.670579345491626,0.0193247525749738,0.0165484038645861,0.00528965660048572
62,10499.6461731531,749.41043416607,37000,0.0411628130400456,0.670579345491626,0.0193247525749738,0.0165484038645861,0.00528965660048572
63,10499.6461731531,749.41043416607,37000,0.0411628130400456,0.670579345491626,0.0193247525749738,0.0165484038645861,0.00528965660048572
64,10499.6461731531,749.41043416607,37000,0.0411628130400456,0.670579345491626,0.0193247525749738,0.0165484038645861,0.00528965660048572
65,10499.6461731531,749.41043416607,37000,0.0411628130400456,0.670579345491626,0.0193247525749738,0.0165484038645861,0.00528965660048572
66,10499.6461731531,749.41043416607,37000,0.0411628130400456,0.670579345491626,0.0193247525749738,0.0165484038645861,0.00528965660048572
67,10499.6461731531,749.41043416607,37000,0.0411628130400456,0.670579345491626,0.0193247525749738,0.0165484038645861,0.00528965660048572
68,10499.6461731531,749.41043416607,37000,0.0411628130400456,0.670579345491626,0.0193247525749738,0.0165484038645861,0.00528965660048572
69,10499.6461731531,749.41043416607,37000,0.0411628130400456,0.670579345491626,0.0193247525749738,0.0165484038645861,0.00528965660048572
70,10499.6461731531,749.41043416607,37000,0.0411628130400456,0.670579345491626,0.0193247525749738,0.0165484038645861,0.00528965660048572
71,10499.6461731531,749.41043416607,37000,0.0411628130400456,0.670579345491626,0.0193247525749738,0.0165484038645861,0.00528965660048572
72,10499.6461731531,749.41043416607,37000,0.0411628130400456,0.670579345491626,0.0193247525749738,0.0165484038645861,0.00528965660048572
73,10499.6461731531,749.41043416607,37000,0.0411628130400456,0.670579345491626,0.0193247525749738,0.0165484038645861,0.00528965660048572
74,10499.6461731531,749.41043416607,37000,0.0411628130400456,0.670579345491626,0.0193247525749738,0.0165484038645861,0.00528965660048572
75,10499.6461731531,749.41043416607,37000,0.0411628130400456,0.670579345491626,0.0193247525749738,0.0165484038645861,0.00528965660048572
76,10499.6461731531,749.41043416607,37000,0.0411628130400456,0.670579345491626,0.0193247525749738,0.0165484038645861,0.00528965660048572
77,10499.6461731531,749.41043416607,37000,0.0411628130400456,0.670579345491626,0.0193247525749738,0.0165484038645861,0.00528965660048572
78,10499.6461731531,749.41043416607,37000,0.0411628130400456,0.670579345491626,0.0193247525749738,0.0165484038645861,0.00528965660048572
79,10499.6461731531,749.41043416607,37000,0.0411628130400456,0.670579345491626,0.0193247525749738,0.0165484038645861,0.00528965660048572
80,10499.6461731531,749.41043416607,37000,0.0411628130400456,0.670579345491626,0.0193247525749738,0.0165484038645861,0.00528965660048572
81,10499.6461731531,749.41043416607,37000,0.0411628130400456,0.670579345491626,0.0193247525749738,0.0165484038645861,0.00528965660048572
82,10499.6461731531,749.41043416607,37000,0.0411628130400456,0.670579345491626,0.0193247525749738,0.0165484038645861,0.00528965660048572
83,10499.6461731531,749.41043416607,37000,0.0411628130400456,0.670579345491626,0.0193247525749738,0.0165484038645861,0.00528965660048572
84,10499.6461731531,749.41043416607,37000,0.0411628130400456,0.670579345491626,0.0193247525749738,0.0165484038645861,0.00528965660048572
85,10499.6461731531,749.41043416607,37000,0.0411628130400456,0.670579345491626,0.0193247525749738,0.0165484038645861,0.00528965660048572
86,10499.6461731531,749.41043416607,37000,0.0411628130400456,0.670579345491626,0.0193247525749738,0.0165484038645861,0.00528965660048572
87,10499.6461731531,749.41043416607,37000,0.0411628130400456,0.670579345491626,0.0193247525749738,0.0165484038645861,0.00528965660048572
88,10499.6461731531,749.41043416607,37000,0.0411628130400456,0.670579345491626,0.0193247525749738,0.0165484038645861,0.00528965660048572
89,10499.6461731531,749.41043416607,37000,0.0411628130400456,0.670579345491626,0.0193247525749738,0.0165484038645861,0.00528965660048572
90,10499.6461731531,749.41043416607,37000,0.0411628130400456,0.670579345491626,0.0193247525749738,0.0165484038645861,0.00528965660048572
91,10499.6461731531,749.41043416607,37000,0.0411628130400456,0.670579345491626,0.0193247525749738,0.0165484038645861,0.00528965660048572
92,10499.6461731531,749.41043416607,37000,0.0411628130400456,0.670579345491626,0.0193247525749738,0.0165484038645861,0.00528965660048572
93,10499.6461731531,749.41043416607,37000,0.0411628130400456,0.670579345491626,0.0193247525749738,0.0165484038645861,0.00528965660048572
94,10499.6461731531,749.41043416607,37000,0.0411628130400456,0.670579345491626,0.0193247525749738,0.0165484038645861,0.00528965660048572
95,10499.6461731531,749.41043416607,37000,0.0411628130400456,0.670579345491626,0.0193247525749738,0.0165484038645861,0.00528965660048572
96,10499.6461731531,749.41043416607,37000,0.0411628130400456,0.670579345491626,0.0193247525749738,0.0165484038645861,0.00528965660048572
97,10499.6461731531,749.41043416607,37000,0.0411628130400456,0.670579345491626,0.0193247525749738,0.0165484038645861,0.00528965660048572
98,10499.6461731531,749.41043416607,37000,0.0411628130400456,0.670579345491626,0.0193247525749738,0.0165484038645861,0.00528965660048572
99,10499.6461731531,749.41043416607,37000,0.0411628130400456,0.670579345491626,0.0193247525749738,0.0165484038645861,0.00528965660048572
100,10499.6461731531,749.41043416607,37000,0.0411628130400456,0.670579345491626,0.0193247525749738,0.0165484038645861,0.00528965660048572
101,10499.6461731531,749.41043416607,37000,0.0411628130400456,0.670579345491626,0.0193247525749738,0.0165484038645861,0.00528965660048572
102,10499.6461731531,749.41043416607,37000,0.0411628130400456,0.670579345491626,0.0193247525749738,0.0165484038645861,0.00528965660048572
103,10499.6461731531,749.41043416607,37000,0.0411628130400456,0.670579345491626,0.0193247525749738,0.0165484038645861,0.00528965660048572
104,10499.6461731531,749.41043416607,37000,0.0411628130400456,0.670579345491626,0.0193247525749738,0.0165484038645861,0.00528965660048572
105,10499.6461731531,749.41043416607,37000,0.0411628130400456,0.670579345491626,0.0193247525749738,0.0165484038645861,0.00528965660048572
106,10499.6461731531,749.41043416607,37000,0.0411628130400456,0.670579345491626,0.0193247525749738,0.0165484038645861,0.00528965660048572
107,10499.6461731531,749.41043416607,37000,0.0411628130400456,0.670579345491626,0.0193247525749738,0.0165484038645861,0.00528965660048572
108,10499.6461731531,749.41043416607,37000,0.0411628130400456,0.670579345491626,0.0193247525749738,0.0165484038645861,0.00528965660048572
109,10499.6461731531,749.41043416607,37000,0.0411628130400456,0.670579345491626,0.0193247525749738,0.0165484038645861,0.00528965660048572
110,10499.6461731531,749.41043416607,37000,0.0411628130400456,0.670579345491626,0.0193247525749738,0.0165484038645861,0.00528965660048572
111,10499.6461731531,749.41043416607,37000,0.0411628130400456,0.670579345491626,0.0193247525749738,0.0165484038645861,0.00528965660048572
112,10499.6461731531,749.41043416607,37000,0.0411628130400456,0.670579345491626,0.0193247525749738,0.0165484038645861,0.00528965660048572
113,10499.6461731531,749.41043416607,37000,0.0411628130400456,0.670579345491626,0.0193247525749738,0.0165484038645861,0.00528965660048572
114,10499.6461731531,749.41043416607,37000,0.0411628130400456,0.670579345491626,0.0193247525749738,0.0165484038645861,0.00528965660048572
115,10499.6461731531,749.41043416607,37000,0.0411628130400456,0.670579345491626,0.0193247525749738,0.0165484038645861,0.00528965660048572
116,10499.6461731531,749.41043416607,37000,0.0411628130400456,0.670579345491626,0.0193247525749738,0.0165484038645861,0.00528965660048572
117,10499.6461731531,749.41043416607,37000,0.0411628130400456,0.670579345491626,0.0193247525749738,0.0165484038645861,0.00528965660048572
118,10499.6461731531,749.41043416607,37000,0.0411628130400456,0.670579345491626,0.0193247525749738,0.0165484038645861,0.00528965660048572
119,10499.6461731531,749.41043416607,37000,0.0411628130400456,0.670579345491626,0.0193247525749738,0.0165484038645861,0.00528965660048572
120,10499.6461731531,749.41043416607,37000,0.0411628130400456,0.670579345491626,0.0193247525749738,0.0165484038645861,0.00528965660048572
121,10499.6461731531,749.41043416607,37000,0.0411628130400456,0.670579345491626,0.0193247525749738,0.0165484038645861,0.00528965660048572
122,10499.6461731531,749.41043416607,37000,0.0411628130400456,0.670579345491626,0.0193247525749738,0.0165484038645861,0.00528965660048572
123,10499.6461731531,749.41043416607,37000,0.0411628130400456,0.670579345491626,0.0193247525749738,0.0165484038645861,0.00528965660048572
124,10499.6461731531,749.41043416607,37000,0.0411628130400456,0.670579345491626,0.0193247525749738,0.0165484038645861,0.00528965660048572
125,10499.6461731531,749.41043416607,37000,0.0411628130400456,0.670579345491626,0.0193247525749738,0.0165484038645861,0.00528965660048572
126,10499.6461731531,749.41043416607,37000,0.0411628130400456,0.670579345491626,0.0193247525749738,0.0165484038645861,0.00528965660048572
127,10499.6461731531,749.41043416607,37000,0.0411628130400456,0.670579345491626,0.0193247525749738,0.0165484038645861,0.00528965660048572
128,10499.6461731531,749.41043416607,37000,0.0411628130400456,0.670579345491626,0.0193247525749738,0.0165484038645861,0.00528965660048572
129,10499.6461731531,749.41043416607,37000,0.0411628130400456,0.670579345491626,0.0193247525749738,0.0165484038645861,0.00528965660048572
130,10499.6461731531,749.41043416607,37000,0.0411628130400456,0.670579345491626,0.0193247525749738,0.0165484038645861,0.00528965660048572
131,10499.6461731531,749.41043416607,37000,0.0411628130400456,0.670579345491626,0.0193247525749738,0.0165484038645861,0.00528965660048572
132,10499.6461731531,749.41043416607,37000,0.0411628130400456,0.670579345491626,0.0193247525749738,0.0165484038645861,0.00528965660048572
133,10499.6461731531,749.41043416607,37000,0.0411628130400456,0.670579345491626,0.0193247525749738,0.0165484038645861,0.00528965660048572
134,10499.6461731531,749.41043416607,37000,0.0411628130400456,0.670579345491626,0.0193247525749738,0.0165484038645861,0.00528965660048572
135,10499.6461731531,749.41043416607,37000,0.0411628130400456,0.670579345491626,0.0193247525749738,0.0165484038645861,0.00528965660048572
136,10499.6461731531,749.41043416607,37000,0.0411628130400456,0.670579345491626,0.0193247525749738,0.0165484038645861,0.00528965660048572
137,10499.6461731531,749.41043416607,37000,0.0411628130400456,0.670579345491626,0.0193247525749738,0.0165484038645861,0.00528965660048572
138,10499.6461731531,749.41043416607,37000,0.0411628130400456,0.670579345491626,0.0193247525749738,0.0165484038645861,0.00528965660048572
139,10499.6461731531,749.41043416607,37000,0.0411628130400456,0.670579345491626,0.0193247525749738,0.0165484038645861,0.00528965660048572
140,10499.6461731531,749.41043416607,37000,0.0411628130400456,0.670579345491626,0.0193247525749738,0.0165484038645861,0.00528965660048572
141,10499.6461731531,749.41043416607,37000,0.0411628130400456,0.670579345491626,0.0193247525749738,0.0165484038645861,0.00528965660048572
142,10499.6461731531,749.41043416607,37000,0.0411628130400456,0.670579345491626,0.0193247525749738,0.0165484038645861,0.00528965660048572
143,10499.6461731531,749.41043416607,37000,0.0411628130400456,0.670579345491626,0.0193247525749738,0.0165484038645861,0.00528965660048572
144,10499.6461731531,749.41043416607,37000,0.0411628130400456,0.670579345491626,0.0193247525749738,0.0165484038645861,0.00528965660048572
145,10499.6461731531,749.41043416607,37000,0.0411628130400456,0.670579345491626,0.0193247525749738,0.0165484038645861,0.00528965660048572
146,10499.6461731531,749.41043416607,37000,0.0411628130400456,0.670579345491626,0.0193247525749738,0.0165484038645861,0.00528965660048572
147,10499.6461731531,749.41043416607,37000,0.0411628130400456,0.670579345491626,0.0193247525749738,0.0165484038645861,0.00528965660048572
148,10499.6461731531,749.41043416607,37000,0.0411628130400456,0.670579345491626,0.0193247525749738,0.0165484038645861,0.00528965660048572
149,10499.6461731531,749.41043416607,37000,0.0411628130400456,0.670579345491626,0.0193247525749738,0.0165484038645861,0.00528965660048572
150,10499.6461731531,749.41043416607,37000,0.0411628130400456,0.670579345491626,0.0193247525749738,0.0165484038645861,0.00528965660048572
151,10499.6461731531,749.41043416607,37000,0.0411628130400456,0.670579345491626,0.0193247525749738,0.0165484038645861,0.00528965660048572
152,10499.6461731531,749.41043416607,37000,0.0411628130400456,0.670579345491626,0.0193247525749738,0.0165484038645861,0.00528965660048572
153,10499.6461731531,749.41043416607,37000,0.0411628130400456,0.670579345491626,0.0193247525749738,0.0165484038645861,0.00528965660048572
154,10499.6461731531,749.41043416607,37000,0.0411628130400456,0.670579345491626,0.0193247525749738,0.0165484038645861,0.00528965660048572
155,10499.6461731531,749.41043416607,37000,0.0411628130400456,0.670579345491626,0.0193247525749738,0.0165484038645861,0.00528965660048572
156,10499.6461731531,749.41043416607,37000,0.0411628130400456,0.670579345491626,0.0193247525749738,0.0165484038645861,0.00528965660048572
157,10499.6461731531,749.41043416607,37000,0.0411628130400456,0.670579345491626,0.0193247525749738,0.0165484038645861,0.00528965660048572
158,10499.6461731531,749.41043416607,37000,0.0411628130400456,0.670579345491626,0.0193247525749738,0.0165484038645861,0.00528965660048572
159,10499.6461731531,749.41043416607,37000,0.0411628130400456,0.670579345491626,0.0193247525749738,0.0165484038645861,0.00528965660048572
160,10499.6461731531,749.41043416607,37000,0.0411628130400456,0.670579345491626,0.0193247525749738,0.0165484038645861,0.00528965660048572
161,10499.6461731531,749.41043416607,37000,0.0411628130400456,0.670579345491626,0.0193247525749738,0.0165484038645861,0.00528965660048572
162,10499.6461731531,749.41043416607,37000,0.0411628130400456,0.670579345491626,0.0193247525749738,0.0165484038645861,0.00528965660048572
163,10499.6461731531,749.41043416607,37000,0.0411628130400456,0.670579345491626,0.0193247525749738,0.0165484038645861,0.00528965660048572
164,10499.6461731531,749.41043416607,37000,0.0411628130400456,0.670579345491626,0.0193247525749738,0.0165484038645861,0.00528965660048572
165,10499.6461731531,749.41043416607,37000,0.0411628130400456,0.670579345491626,0.0193247525749738,0.0165484038645861,0.00528965660048572
166,10499.6461731531,749.41043416607,37000,0.0411628130400456,0.670579345491626,0.0193247525749738,0.0165484038645861,0.00528965660048572
167,10499.6461731531,749.41043416607,37000,0.0411628130400456,0.670579345491626,0.0193247525749738,0.0165484038645861,0.00528965660048572
168,10499.6461731531,749.41043416607,37000,0.0411628130400456,0.670579345491626,0.0193247525749738,0.0165484038645861,0.00528965660048572
169,10499.6461731531,749.41043416607,37000,0.0411628130400456,0.670579345491626,0.0193247525749738,0.0165484038645861,0.00528965660048572
170,10499.6461731531,749.41043416607,37000,0.0411628130400456,0.670579345491626,0.0193247525749738,0.0165484038645861,0.00528965660048572
171,10499.6461731531,749.41043416607,37000,0.0411628130400456,0.670579345491626,0.0193247525749738,0.0165484038645861,0.00528965660048572
172,10499.6461731531,749.41043416607,37000,0.0411628130400456,0.670579345491626,0.0193247525749738,0.0165484038645861,0.00528965660048572
173,10499.6461731531,749.41043416607,37000,0.0411628130400456,0.670579345491626,0.0193247525749738,0.0165484038645861,0.00528965660048572
174,10499.6461731531,749.41043416607,37000,0.0411628130400456,0.670579345491626,0.0193247525749738,0.0165484038645861,0.00528965660048572
175,10499.6461731531,749.41043416607,37000,0.0411628130400456,0.670579345491626,0.0193247525749738,0.0165484038645861,0.00528965660048572
176,10499.6461731531,749.41043416607,37000,0.0411628130400456,0.670579345491626,0.0193247525749738,0.0165484038645861,0.00528965660048572
177,10499.6461731531,749.41043416607,37000,0.0411628130400456,0.670579345491626,0.0193247525749738,0.0165484038645861,0.00528965660048572
178,10499.6461731531,749.41043416607,37000,0.0411628130400456,0.670579345491626,0.0193247525749738,0.0165484038645861,0.00528965660048572
179,10499.6461731531,749.41043416607,37000,0.0411628130400456,0.670579345491626,0.0193247525749738,0.0165484038645861,0.00528965660048572
180,10499.6461731531,749.41043416607,37000,0.0411628130400456,0.670579345491626,0.0193247525749738,0.0165484038645861,0.00528965660048572
181,10499.6461731531,749.41043416607,37000,0.0411628130400456,0.670579345491626,0.0193247525749738,0.0165484038645861,0.00528965660048572
182,10499.6461731531,749.41043416607,37000,0.0411628130400456,0.670579345491626,0.0193247525749738,0.0165484038645861,0.00528965660048572
183,10499.6461731531,749.41043416607,37000,0.0411628130400456,0.670579345491626,0.0193247525749738,0.0165484038645861,0.00528965660048572
184,10499.6461731531,749.41043416607,37000,0.0411628130400456,0.670579345491626,0.0193247525749738,0.0165484038645861,0.00528965660048572
185,10499.6461731531,749.41043416607,37000,0.0411628130400456,0.670579345491626,0.0193247525749738,0.0165484038645861,0.00528965660048572
186,10499.6461731531,749.41043416607,37000,0.0411628130400456,0.670579345491626,0.0193247525749738,0.0165484038645861,0.00528965660048572
187,10499.6461731531,749.41043416607,37000,0.0411628130400456,0.670579345491626,0.0193247525749738,0.0165484038645861,0.00528965660048572
188,10499.6461731531,749.41043416607,37000,0.0411628130400456,0.670579345491626,0.0193247525749738,0.0165484038645861,0.00528965660048572
189,10499.6461731531,749.41043416607,37000,0.0411628130400456,0.670579345491626,0.0193247525749738,0.0165484038645861,0.00528965660048572
190,10499.6461731531,749.41043416607,37000,0.0411628130400456,0.670579345491626,0.0193247525749738,0.0165484038645861,0.00528965660048572
191,10499.6461731531,749.41043416607,37000,0.0411628130400456,0.670579345491626,0.0193247525749738,0.0165484038645861,0.00528965660048572
192,10499.6461731531,749.41043416607,37000,0.0411628130400456,0.670579345491626,0.0193247525749738,0.0165484038645861,0.00528965660048572
193,10499.6461731531,749.41043416607,37000,0.0411628130400456,0.670579345491626,0.0193247525749738,0.0165484038645861,0.00528965660048572
194,10499.6461731531,749.41043416607,37000,0.0411628130400456,0.670579345491626,0.0193247525749738,0.0165484038645861,0.00528965660048572
195,10499.6461731531,749.41043416607,37000,0.0411628130400456,0.670579345491626,0.0193247525749738,0.0165484038645861,0.00528965660048572
196,10499.6461731531,749.41043416607,37000,0.0411628130400456,0.670579345491626,0.0193247525749738,0.0165484038645861,0.00528965660048572
197,10499.6461731531,749.41043416607,37000,0.0411628130400456,0.670579345491626,0.0193247525749738,0.0165484038645861,0.00528965660048572
198,10499.6461731531,749.41043416607,37000,0.0411628130400456,0.670579345491626,0.0193247525749738,0.0165484038645861,0.00528965660048572
199,10499.6461731531,749.41043416607,37000,0.0411628130400456,0.670579345491626,0.0193247525749738,0.0165484038645861,0.00528965660048572
200,10499.6461731531,749.41043416607,37000,0.0411628130400456,0.670579345491626,0.0193247525749738,0.0165484038645861,0.00528965660048572
201,10499.6461731531,749.41043416607,37000,0.0411628130400456,0.670579345491626,0.0193247525749738,0.0165484038645861,0.00528965660048572
202,10499.6461731531,749.41043416607,37000,0.0411628130400456,0.670579345491626,0.0193247525749738,0.0165484038645861,0.00528965660048572
203,10499.6461731531,749.41043416607,37000,0.0411628130400456,0.670579345491626,0.0193247525749738,0.0165484038645861,0.00528965660048572
204,10499.6461731531,749.41043416607,37000,0.0411628130400456,0.670579345491626,0.0193247525749738,0.0165484038645861,0.00528965660048572
205,10499.6461731531,749.41043416607,37000,0.0411628130400456,0.670579345491626,0.0193247525749738,0.0165484038645861,0.00528965660048572
206,10499.6461731531,749.41043416607,37000,0.0411628130400456,0.670579345491626,0.0193247525749738,0.0165484038645861,0.00528965660048572
207,10499.6461731531,749.41043416607,37000,0.0411628130400456,0.670579345491626,0.0193247525749738,0.0165484038645861,0.00528965660048572
208,10499.6461731531,749.41043416607,37000,0.0411628130400456,0.670579345491626,0.0193247525749738,0.0165484038645861,0.00528965660048572
209,10499.6461731531,749.41043416607,37000,0.0411628130400456,0.670579345491626,0.0193247525749738,0.0165484038645861,0.00528965660048572
210,10499.6461731531,749.41043416607,37000,0.0411628130400456,0.670579345491626,0.0193247525749738,0.0165484038645861,0.00528965660048572
211,10499.6461731531,749.41043416607,37000,0.0411628130400456,0.670579345491626,0.0193247525749738,0.0165484038645861,0.00528965660048572
212,10499.6461731531,749.41043416607,37000,0.0411628130400456,0.670579345491626,0.0193247525749738,0.0165484038645861,0.00528965660048572
213,10499.6461731531,749.41043416607,37000,0.0411628130400456,0.670579345491626,0.0193247525749738,0.0165484038645861,0.00528965660048572
214,10499.6461731531,749.41043416607,37000,0.0411628130400456,0.670579345491626,0.0193247525749738,0.0165484038645861,0.00528965660048572
215,10499.6461731531,749.41043416607,37000,0.0411628130400456,0.670579345491626,0.0193247525749738,0.0165484038645861,0.00528965660048572
216,10499.6461731531,749.41043416607,37000,0.0411628130400456,0.670579345491626,0.0193247525749738,0.0165484038645861,0.00528965660048572
217,10499.6461731531,749.41043416607,37000,0.0411628130400456,0.670579345491626,0.0193247525749738,0.0165484038645861,0.00528965660048572
218,10499.6461731531,749.41043416607,37000,0.0411628130400456,0.670579345491626,0.0193247525749738,0.0165484038645861,0.00528965660048572
219,10499.6461731531,749.41043416607,37000,0.0411628130400456,0.670579345491626,0.0193247525749738,0.0165484038645861,0.00528965660048572
220,10499.6461731531,749.41043416607,37000,0.0411628130400456,0.670579345491626,0.0193247525749738,0.0165484038645861,0.00528965660048572
221,10499.6461731531,749.41043416607,37000,0.0411628130400456,0.670579345491626,0.0193247525749738,0.0165484038645861,0.00528965660048572
222,10499.6461731531,749.41043416607,37000,0.0411628130400456,0.670579345491626,0.0193247525749738,0.0165484038645861,0.00528965660048572
223,10499.6461731531,749.41043416607,37000,0.0411628130400456,0.670579345491626,0.0193247525749738,0.0165484038645861,0.00528965660048572
224,10499.6461731531,749.41043416607,37000,0.0411628130400456,0.670579345491626,0.0193247525749738,0.0165484038645861,0.00528965660048572
225,10499.6461731531,749.41043416607,37000,0.0411628130400456,0.670579345491626,0.0193247525749738,0.0165484038645861,0.00528965660048572
226,10499.6461731531,749.41043416607,37000,0.0411628130400456,0.670579345491626,0.0193247525749738,0.0165484038645861,0.00528965660048572
227,10499.6461731531,749.41043416607,37000,0.0411628130400456,0.670579345491626,0.0193247525749738,0.0165484038645861,0.00528965660048572
228,10499.6461731531,749.41043416607,37000,0.0411628130400456,0.670579345491626,0.0193247525749738,0.0165484038645861,0.00528965660048572
229,10499.6461731531,749.41043416607,37000,0.0411628130400456,0.670579345491626,0.0193247525749738,0.0165484038645861,0.00528965660048572
230,10499.6461731531,749.41043416607,37000,0.0411628130400456,0.670579345491626,0.0193247525749738,0.0165484038645861,0.00528965660048572
231,10499.6461731531,749.41043416607,37000,0.0411628130400456,0.670579345491626,0.0193247525749738,0.0165484038645861,0.00528965660048572
232,10499.6461731531,749.41043416607,37000,0.0411628130400456,0.670579345491626,0.0193247525749738,0.0165484038645861,0.00528965660048572
233,10499.6461731531,749.41043416607,37000,0.0411628130400456,0.670579345491626,0.0193247525749738,0.0165484038645861,0.00528965660048572
234,10499.6461731531,749.41043416607,37000,0.0411628130400456,0.670579345491626,0.0193247525749738,0.0165484038645861,0.00528965660048572
235,10499.6461731531,749.41043416607,37000,0.0411628130400456,0.670579345491626,0.0193247525749738,0.0165484038645861,0.00528965660048572
236,10499.6461731531,749.41043416607,37000,0.0411628130400456,0.670579345491626,0.0193247525749738,0.0165484038645861,0.00528965660048572
237,10499.6461731531,749.41043416607,37000,0.0411628130400456,0.670579345491626,0.0193247525749738,0.0165484038645861,0.00528965660048572
238,10499.6461731531,749.41043416607,37000,0.0411628130400456,0.670579345491626,0.0193247525749738,0.0165484038645861,0.00528965660048572
239,10499.6461731531,749.41043416607,37000,0.0411628130400456,0.670579345491626,0.0193247525749738,0.0165484038645861,0.00528965660048572
240,10499.6461731531,749.41043416607,37000,0.0411628130400456,0.670579345491626,0.0193247525749738,0.0165484038645861,0.00528965660048572
241,10499.6461731531,749.41043416607,37000,0.0411628130400456,0.670579345491626,0.0193247525749738,0.0165484038645861,0.00528965660048572
242,10499.6461731531,749.41043416607,37000,0.0411628130400456,0.670579345491626,0.0193247525749738,0.0165484038645861,0.00528965660048572
243,10499.6461731531,749.41043416607,37000,0.0411628130400456,0.670579345491626,0.0193247525749738,0.0165484038645861,0.00528965660048572
244,10499.6461731531,749.41043416607,37000,0.0411628130400456,0.670579345491626,0.0193247525749738,0.0165484038645861,0.00528965660048572
245,10499.6461731531,749.41043416607,37000,0.0411628130400456,0.670579345491626,0.0193247525749738,0.0165484038645861,0.00528965660048572
246,10499.6461731531,749.41043416607,37000,0.0411628130400456,0.670579345491626,0.0193247525749738,0.0165484038645861,0.00528965660048572
247,10499.6461731531,749.41043416607,37000,0.0411628130400456,0.670579345491626,0.0193247525749738,0.0165484038645861,0.00528965660048572
248,10499.6461731531,749.41043416607,37000,0.0411628130400456,0.670579345491626,0.0193247525749738,0.0165484038645861,0.00528965660048572
249,10499.6461731531,749.41043416607,37000,0.0411628130400456,0.670579345491626,0.0193247525749738,0.0165484038645861,0.00528965660048572
250,10499.6461731531,749.41043416607,37000,0.0411628130400456,0.670579345491626,0.0193247525749738,0.0165484038645861,0.00528965660048572
251,10499.6461731531,749.41043416607,37000,0.0411628130400456,0.670579345491626,0.0193247525749738,0.0165484038645861,0.00528965660048572
252,10499.6461731531,749.41043416607,37000,0.0411628130400456,0.670579345491626,0.0193247525749738,0.0165484038645861,0.00528965660048572
253,10499.6461731531,749.41043416607,37000,0.0411628130400456,0.670579345491626,0.0193247525749738,0.0165484038645861,0.00528965660048572
254,10499.6461731531,749.41043416607,37000,0.0411628130400456,0.670579345491626,0.0193247525749738,0.0165484038645861,0.00528965660048572
255,10499.6461731531,749.41043416607,37000,0.0411628130400456,0.670579345491626,0.0193247525749738,0.0165484038645861,0.00528965660048572
256,10499.6461731531,749.41043416607,37000,0.0411628130400456,0.670579345491626,0.0193247525749738,0.0165484038645861,0.00528965660048572
257,10499.6461731531,749.41043416607,37000,0.0411628130400456,0.670579345491626,0.0193247525749738,0.0165484038645861,0.00528965660048572
258,10499.6461731531,749.41043416607,37000,0.0411628130400456,0.670579345491626,0.0193247525749738,0.0165484038645861,0.00528965660048572
259,10499.6461731531,749.41043416607,37000,0.0411628130400456,0.670579345491626,0.0193247525749738,0.0165484038645861,0.00528965660048572
260,10499.6461731531,749.41043416607,37000,0.0411628130400456,0.670579345491626,0.0193247525749738,0.0165484038645861,0.00528965660048572
261,10499.6461731531,749.41043416607,37000,0.0411628130400456,0.670579345491626,0.0193247525749738,0.0165484038645861,0.00528965660048572
262,10499.6461731531,749.41043416607,37000,0.0411628130400456,0.670579345491626,0.0193247525749738,0.0165484038645861,0.00528965660048572
263,10499.6461731531,749.41043416607,37000,0.0411628130400456,0.670579345491626,0.0193247525749738,0.0165484038645861,0.00528965660048572
264,10499.6461731531,749.41043416607,37000,0.0411628130400456,0.670579345491626,0.0193247525749738,0.0165484038645861,0.00528965660048572
265,10499.6461731531,749.41043416607,37000,0.0411628130400456,0.670579345491626,0.0193247525749738,0.0165484038645861,0.00528965660048572
266,10499.6461731531,749.41043416607,37000,0.0411628130400456,0.670579345491626,0.0193247525749738,0.0165484038645861,0.00528965660048572
267,10499.6461731531,749.41043416607,37000,0.0411628130400456,0.670579345491626,0.0193247525749738,0.0165484038645861,0.00528965660048572
268,10499.6461731531,749.41043416607,37000,0.0411628130400456,0.670579345491626,0.0193247525749738,0.0165484038645861,0.00528965660048572
269,10499.6461731531,749.41043416607,37000,0.0411628130400456,0.670579345491626,0.0193247525749738,0.0165484038645861,0.00528965660048572
270,10499.6461731531,749.41043416607,37000,0.0411628130400456,0.670579345491626,0.0193247525749738,0.0165484038645861,0.00528965660048572
271,10499.6461731531,749.41043416607,37000,0.0411628130400456,0.670579345491626,0.0193247525749738,0.0165484038645861,0.00528965660048572
272,10499.6461731531,749.41043416607,37000,0.0411628130400456,0.670579345491626,0.0193247525749738,0.0165484038645861,0.00528965660048572
273,10499.6461731531,749.41043416607,37000,0.0411628130400456,0.670579345491626,0.0193247525749738,0.0165484038645861,0.00528965660048572
274,10499.6461731531,749.41043416607,37000,0.0411628130400456,0.670579345491626,0.0193247525749738,0.0165484038645861,0.00528965660048572
275,10499.6461731531,749.41043416607,37000,0.0411628130400456,0.670579345491626,0.0193247525749738,0.0165484038645861,0.00528965660048572
276,10499.6461731531,749.41043416607,37000,0.0411628130400456,0.670579345491626,0.0193247525749738,0.0165484038645861,0.00528965660048572
277,10499.6461731531,749.41043416607,37000,0.0411628130400456,0.670579345491626,0.0193247525749738,0.0165484038645861,0.00528965660048572
278,10499.6461731531,749.41043416607,37000,0.0411628130400456,0.670579345491626,0.0193247525749738,0.0165484038645861,0.00528965660048572
279,10499.6461731531,749.41043416607,37000,0.0411628130400456,0.670579345491626,0.0193247525749738,0.0165484038645861,0.00528965660048572
280,10499.6461731531,749.41043416607,37000,0.0411628130400456,0.670579345491626,0.0193247525749738,0.0165484038645861,0.00528965660048572
281,10499.6461731531,749.41043416607,37000,0.0411628130400456,0.670579345491626,0.0193247525749738,0.0165484038645861,0.00528965660048572
282,10499.6461731531,749.41043416607,37000,0.0411628130400456,0.670579345491626,0.0193247525749738,0.0165484038645861,0.00528965660048572
283,10499.6461731531,749.41043416607,37000,0.0411628130400456,0.670579345491626,0.0193247525749738,0.0165484038645861,0.00528965660048572
284,10499.6461731531,749.41043416607,37000,0.0411628130400456,0.670579345491626,0.0193247525749738,0.0165484038645861,0.00528965660048572
285,10499.6461731531,749.41043416607,37000,0.0411628130400456,0.670579345491626,0.0193247525749738,0.0165484038645861,0.00528965660048572
286,10499.6461731531,749.41043416607,37000,0.0411628130400456,0.670579345491626,0.0193247525749738,0.0165484038645861,0.00528965660048572
287,10499.6461731531,749.41043416607,37000,0.0411628130400456,0.670579345491626,0.0193247525749738,0.0165484038645861,0.00528965660048572
288,10499.6461731531,749.41043416607,37000,0.0411628130400456,0.670579345491626,0.0193247525749738,0.0165484038645861,0.00528965660048572
289,10499.6461731531,749.41043416607,37000,0.0411628130400456,0.670579345491626,0.0193247525749738,0.0165484038645861,0.00528965660048572
290,10499.6461731531,749.41043416607,37000,0.0411628130400456,0.670579345491626,0.0193247525749738,0.0165484038645861,0.00528965660048572
291,10499.6461731531,749.41043416607,37000,0.0411628130400456,0.670579345491626,0.0193247525749738,0.0165484038645861,0.00528965660048572
292,10499.6461731531,749.41043416607,37000,0.0411628130400456,0.670579345491626,0.0193247525749738,0.0165484038645861,0.00528965660048572
293,10499.6461731531,749.41043416607,37000,0.0411628130400456,0.670579345491626,0.0193247525749738,0.0165484038645861,0.00528965660048572
294,10499.6461731531,749.41043416607,37000,0.0411628130400456,0.670579345491626,0.0193247525749738,0.0165484038645861,0.00528965660048572
295,10499.6461731531,749.41043416607,37000,0.0411628130400456,0.670579345491626,0.0193247525749738,0.0165484038645861,0.00528965660048572
296,10499.6461731531,749.41043416607,37000,0.0411628130400456,0.670579345491626,0.0193247525749738,0.0165484038645861,0.00528965660048572
297,10499.6461731531,749.41043416607,37000,0.0411628130400456,0.670579345491626,0.0193247525749738,0.0165484038645861,0.00528965660048572
298,10499.6461731531,749.41043416607,37000,0.0411628130400456,0.670579345491626,0.0193247525749738,0.0165484038645861,0.00528965660048572
299,10499.6461731531,749.41043416607,37000,0.0411628130400456,0.670579345491626,0.0193247525749738,0.0165484038645861,0.00528965660048572
300,10499.6461731531,749.41043416607,37000,0.0411628130400456,0.670579345491626,0.0193247525749738,0.0165484038645861,0.00528965660048572
301,10499.6461731531,749.41043416607,37000,0.0411628130400456,0.670579345491626,0.0193247525749738,0.0165484038645861,0.00528965660048572
302,10499.6461731531,749.41043416607,37000,0.0411628130400456,0.670579345491626,0.0193247525749738,0.0165484038645861,0.00528965660048572
303,10499.6461731531,749.41043416607,37000,0.0411628130400456,0.670579345491626,0.0193247525749738,0.0165484038645861,0.00528965660048572
304,10499.6461731531,749.41043416607,37000,0.0411628130400456,0.670579345491626,0.0193247525749738,0.0165484038645861,0.00528965660048572
305,10499.6461731531,749.41043416607,37000,0.0411628130400456,0.670579345491626,0.0193247525749738,0.0165484038645861,0.00528965660048572
306,10499.6461731531,749.41043416607,37000,0.0411628130400456,0.670579345491626,0.0193247525749738,0.0165484038645861,0.00528965660048572
307,10499.6461731531,749.41043416607,37000,0.0411628130400456,0.670579345491626,0.0193247525749738,0.0165484038645861,0.00528965660048572
308,10499.6461731531,749.41043416607,37000,0.0411628130400456,0.670579345491626,0.0193247525749738,0.0165484038645861,0.00528965660048572
309,10499.6461731531,749.41043416607,37000,0.0411628130400456,0.670579345491626,0.0193247525749738,0.0165484038645861,0.00528965660048572
310,10499.6461731531,749.41043416607,37000,0.0411628130400456,0.670579345491626,0.0193247525749738,0.0165484038645861,0.00528965660048572
311,10499.6461731531,749.41043416607,37000,0.0411628130400456,0.670579345491626,0.0193247525749738,0.0165484038645861,0.00528965660048572
312,10499.6461731531,749.41043416607,37000,0.0411628130400456,0.670579345491626,0.0193247525749738,0.0165484038645861,0.00528965660048572
313,10499.6461731531,749.41043416607,37000,0.0411628130400456,0.670579345491626,0.0193247525749738,0.0165484038645861,0.00528965660048572
314,10499.6461731531,749.41043416607,37000,0.0411628130400456,0.670579345491626,0.0193247525749738,0.0165484038645861,0.00528965660048572
315,10499.6461731531,749.41043416607,37000,0.0411628130400456,0.670579345491626,0.0193247525749738,0.0165484038645861,0.00528965660048572
316,10499.6461731531,749.41043416607,37000,0.0411628130400456,0.670579345491626,0.0193247525749738,0.0165484038645861,0.00528965660048572
317,10499.6461731531,749.41043416607,37000,0.0411628130400456,0.670579345491626,0.0193247525749738,0.0165484038645861,0.00528965660048572
318,10499.6461731531,749.41043416607,37000,0.0411628130400456,0.670579345491626,0.0193247525749738,0.0165484038645861,0.00528965660048572
319,10499.6461731531,749.41043416607,37000,0.0411628130400456,0.670579345491626,0.0193247525749738,0.0165484038645861,0.00528965660048572
320,10499.6461731531,749.41043416607,37000,0.0411628130400456,0.670579345491626,0.0193247525749738,0.0165484038645861,0.00528965660048572
321,10499.6461731531,749.41043416607,37000,0.0411628130400456,0.670579345491626,0.0193247525749738,0.0165484038645861,0.00528965660048572
322,10499.6461731531,749.41043416607,37000,0.0411628130400456,0.670579345491626,0.0193247525749738,0.0165484038645861,0.00528965660048572
323,10499.6461731531,749.41043416607,37000,0.0411628130400456,0.670579345491626,0.0193247525749738,0.0165484038645861,0.00528965660048572
324,10499.6461731531,749.41043416607,37000,0.0411628130400456,0.670579345491626,0.0193247525749738,0.0165484038645861,0.00528965660048572
325,10499.6461731531,749.41043416607,37000,0.0411628130400456,0.670579345491626,0.0193247525749738,0.0165484038645861,0.00528965660048572
326,10499.6461731531,749.41043416607,37000,0.0411628130400456,0.670579345491626,0.0193247525749738,0.0165484038645861,0.00528965660048572
327,10499.6461731531,749.41043416607,37000,0.0411628130400456,0.670579345491626,0.0193247525749738,0.0165484038645861,0.00528965660048572
328,10499.6461731531,749.41043416607,37000,0.0411628130400456,0.670579345491626,0.0193247525749738,0.0165484038645861,0.00528965660048572
329,10499.6461731531,749.41043416607,37000,0.0411628130400456,0.670579345491626,0.0193247525749738,0.0165484038645861,0.00528965660048572
330,10499.6461731531,749.41043416607,37000,0.0411628130400456,0.670579345491626,0.0193247525749738,0.0165484038645861,0.00528965660048572
331,10499.6461731531,749.41043416607,37000,0.0411628130400456,0.670579345491626,0.0193247525749738,0.0165484038645861,0.00528965660048572
332,10499.6461731531,749.41043416607,37000,0.0411628130400456,0.670579345491626,0.0193247525749738,0.0165484038645861,0.00528965660048572
333,10499.6461731531,749.41043416607,37000,0.0411628130400456,0.670579345491626,0.0193247525749738,0.0165484038645861,0.00528965660048572
334,10499.6461731531,749.41043416607,37000,0.0411628130400456,0.670579345491626,0.0193247525749738,0.0165484038645861,0.00528965660048572
335,10499.6461731531,749.41043416607,37000,0.0411628130400456,0.670579345491626,0.0193247525749738,0.0165484038645861,0.00528965660048572
336,10499.6461731531,749.41043416607,37000,0.0411628130400456,0.670579345491626,0.0193247525749738,0.0165484038645861,0.00528965660048572
337,10499.6461731531,749.41043416607,37000,0.0411628130400456,0.670579345491626,0.0193247525749738,0.0165484038645861,0.00528965660048572
338,10499.6461731531,749.41043416607,37000,0.0411628130400456,0.670579345491626,0.0193247525749738,0.0165484038645861,0.00528965660048572
339,10499.6461731531,749.41043416607,37000,0.0411628130400456,0.670579345491626,0.0193247525749738,0.0165484038645861,0.00528965660048572
340,10499.6461731531,749.41043416607,37000,0.0411628130400456,0.670579345491626,0.0193247525749738,0.0165484038645861,0.00528965660048572
341,10499.6461731531,749.41043416607,37000,0.0411628130400456,0.670579345491626,0.0193247525749738,0.0165484038645861,0.00528965660048572
342,10499.6461731531,749.41043416607,37000,0.0411628130400456,0.670579345491626,0.0193247525749738,0.0165484038645861,0.00528965660048572
343,10499.6461731531,749.41043416607,37000,0.0411628130400456,0.670579345491626,0.0193247525749738,0.0165484038645861,0.00528965660048572
344,10499.6461731531,749.41043416607,37000,0.0411628130400456,0.670579345491626,0.0193247525749738,0.0165484038645861,0.00528965660048572
345,10499.6461731531,749.41043416607,37000,0.0411628130400456,0.670579345491626,0.0193247525749738,0.0165484038645861,0.00528965660048572
346,10499.6461731531,749.41043416607,37000,0.0411628130400456,0.670579345491626,0.0193247525749738,0.0165484038645861,0.00528965660048572
347,10499.6461731531,749.41043416607,37000,0.0411628130400456,0.670579345491626,0.0193247525749738,0.0165484038645861,0.00528965660048572
348,10499.6461731531,749.41043416607,37000,0.0411628130400456,0.670579345491626,0.0193247525749738,0.0165484038645861,0.00528965660048572
349,10499.6461731531,749.41043416607,37000,0.0411628130400456,0.670579345491626,0.0193247525749738,0.0165484038645861,0.00528965660048572
350,10499.6461731531,749.41043416607,37000,0.0411628130400456,0.670579345491626,0.0193247525749738,0.0165484038645861,0.00528965660048572
351,10499.6461731531,749.41043416607,37000,0.0411628130400456,0.670579345491626,0.0193247525749738,0.0165484038645861,0.00528965660048572
352,10499.6461731531,749.41043416607,37000,0.0411628130400456,0.670579345491626,0.0193247525749738,0.0165484038645861,0.00528965660048572
353,10499.6461731531,749.41043416607,37000,0.0411628130400456,0.670579345491626,0.0193247525749738,0.0165484038645861,0.00528965660048572
354,10499.6461731531,749.41043416607,37000,0.0411628130400456,0.670579345491626,0.0193247525749738,0.0165484038645861,0.00528965660048572
355,10499.6461731531,749.41043416607,37000,0.0411628130400456,0.670579345491626,0.0193247525749738,0.0165484038645861,0.00528965660048572
356,10499.6461731531,749.41043416607,37000,0.0411628130400456,0.670579345491626,0.0193247525749738,0.0165484038645861,0.00528965660048572
357,10499.6461731531,749.41043416607,37000,0.0411628130400456,0.670579345491626,0.0193247525749738,0.0165484038645861,0.00528965660048572
358,10499.6461731531,749.41043416607,37000,0.0411628130400456,0.670579345491626,0.0193247525749738,0.0165484038645861,0.00528965660048572
359,10499.6461731531,749.41043416607,37000,0.0411628130400456,0.670579345491626,0.0193247525749738,0.0165484038645861,0.00528965660048572
360,10499.6461731531,749.41043416607,37000,0.0411628130400456,0.670579345491626,0.0193247525749738,0.0165484038645861,0.00528965660048572
361,10499.6461731531,749.41043416607,37000,0.0411628130400456,0.670579345491626,0.0193247525749738,0.0165484038645861,0.00528965660048572
362,10499.6461731531,749.41043416607,37000,0.0411628130400456,0.670579345491626,0.0193247525749738,0.0165484038645861,0.00528965660048572
363,10499.6461731531,749.41043416607,37000,0.0411628130400456,0.670579345491626,0.0193247525749738,0.0165484038645861,0.00528965660048572
364,10499.6461731531,749.41043416607,37000,0.0411628130400456,0.670579345491626,0.0193247525749738,0.0165484038645861,0.00528965660048572
365,10499.6461731531,749.41043416607,37000,0.0411628130400456,0.670579345491626,0.0193247525749738,0.0165484038645861,0.00528965660048572
366,10499.6461731531,749.41043416607,37000,0.0411628130400456,0.670579345491626,0.0193247525749738,0.0165484038645861,0.00528965660048572
367,10499.6461731531,749.41043416607,37000,0.0411628130400456,0.670579345491626,0.0193247525749738,0.0165484038645861,0.00528965660048572
368,10499.6461731531,749.41043416607,37000,0.0411628130400456,0.670579345491626,0.0193247525749738,0.0165484038645861,0.00528965660048572
369,10499.6461731531,749.41043416607,37000,0.0411628130400456,0.670579345491626,0.0193247525749738,0.0165484038645861,0.00528965660048572
370,10499.6461731531,749.41043416607,37000,0.0411628130400456,0.670579345491626,0.0193247525749738,0.0165484038645861,0.00528965660048572
371,10499.6461731531,749.41043416607,37000,0.0411628130400456,0.670579345491626,0.0193247525749738,0.0165484038645861,0.00528965660048572
372,10499.6461731531,749.41043416607,37000,0.0411628130400456,0.670579345491626,0.0193247525749738,0.0165484038645861,0.00528965660048572
373,10499.6461731531,749.41043416607,37000,0.0411628130400456,0.670579345491626,0.0193247525749738,0.0165484038645861,0.00528965660048572
374,10499.6461731531,749.41043416607,37000,0.0411628130400456,0.670579345491626,0.0193247525749738,0.0165484038645861,0.00528965660048572
375,10499.6461731531,749.41043416607,37000,0.0411628130400456,0.670579345491626,0.0193247525749738,0.0165484038645861,0.00528965660048572
376,10499.6461731531,749.41043416607,37000,0.0411628130400456,0.670579345491626,0.0193247525749738,0.0165484038645861,0.00528965660048572
377,10499.6461731531,749.41043416607,37000,0.0411628130400456,0.670579345491626,0.0193247525749738,0.0165484038645861,0.00528965660048572
378,10499.6461731531,749.41043416607,37000,0.0411628130400456,0.670579345491626,0.0193247525749738,0.0165484038645861,0.00528965660048572
379,10499.6461731531,749.41043416607,37000,0.0411628130400456,0.670579345491626,0.0193247525749738,0.0165484038645861,0.00528965660048572
380,10499.6461731531,749.41043416607,37000,0.0411628130400456,0.670579345491626,0.0193247525749738,0.0165484038645861,0.00528965660048572
381,10499.6461731531,749.41043416607,37000,0.0411628130400456,0.670579345491626,0.0193247525749738,0.0165484038645861,0.00528965660048572
382,10499.6461731531,749.41043416607,37000,0.0411628130400456,0.670579345491626,0.0193247525749738,0.0165484038645861,0.00528965660048572
383,10499.6461731531,749.41043416607,37000,0.0411628130400456,0.670579345491626,0.0193247525749738,0.0165484038645861,0.00528965660048572
384,10499.6461731531,749.41043416607,37000,0.0411628130400456,0.670579345491626,0.0193247525749738,0.0165484038645861,0.00528965660048572
385,10499.6461731531,749.41043416607,37000,0.0411628130400456,0.670579345491626,0.0193247525749738,0.0165484038645861,0.00528965660048572
386,18067.9705624472,749.41043416607,34644.3319366175,0.0418796726135802,0.680020007240651,0.0193247525749738,0.0170343116552532,0.00552060838335313
387,17585.5298655082,730.925444493603,32346.7854184368,0.0380776020177339,0.646513272808426,0.0191254242729429,0.0153595186594207,0.00359265908537028
388,17439.8981694987,738.467457408475,30025.4720545056,0.0337209128375519,0.57991982259784,0.0189197161827076,0.0122736410940336,0.00252755556081073
389,17551.4334846716,746.010056841676,27680.3519686452,0.030664088655605,0.520740888190837,0.018719255756934,0.00983991807868608,0.00210491481998498
390,17782.5014198536,753.5533528046,25311.400844659,0.0282346942589462,0.468083100398475,0.0185231991223491,0.00791341489414954,0.00179808024244754
391,18117.0213295759,761.09740163959,22918.5942955039,0.0262643542621134,0.421171825749125,0.0183314455962287,0.00638313920879558,0.00154976945708919
392,18563.6854592827,768.642257697229,20501.9041135465,0.0246791505487314,0.379331267699449,0.018143727876802,0.00516358567046017,0.00137183700146922
393,19102.5479479205,776.187985083647,18061.3027617489,0.0233585097384923,0.34197049627219,0.017956970666821,0.00418858364620824,0.00121295542546309
394,16788.0536222807,626.987714695831,16090.316528861,0.0265152163032001,0.482144844694368,0.0180926054401359,0.00842261086306425,0
395,17017.3405043233,631.821247103211,14104.0536049967,0.0250721786836677,0.444367967059241,0.0179447692325968,0.00712740945107091,0
396,17301.3512954969,636.655119988942,12102.5021668719,0.0238391215583932,0.40978685816939,0.0177969123921484,0.00604220916624488,0
397,17639.4017278534,641.489354104626,10085.6496316568,0.0227806394706879,0.378109493719186,0.0176495254743119,0.00513111399637595,0
398,18032.9535660102,646.32397139433,8053.48232090075,0.0218712339927629,0.349072489697838,0.0175065444883669,0.00436468950439606,0
399,16163.5250761651,434.105997164558,6688.94484452897,0.0376279258184539,0.725485644469908,0.0178817477777759,0.0197461780406781,0
400,16088.6885658034,436.257011946084,5317.63151330194,0.0354518960318162,0.688197856932746,0.0177795527267484,0.0176723433050678,0
401,16040.1070012406,438.408075579878,3939.53974384741,0.0335087191637465,0.652987029070448,0.0176785473852162,0.0158301717785303,0
402,16016.2640057736,440.559191373004,2554.6669394929,0.0317693099226438,0.619727610200691,0.0175771785795465,0.0141921313430973,0
403,16016.3981887668,442.710362588842,1163.01042785824,0.0302105029590829,0.588302263730919,0.0174763322483095,0.0127341707107734,0
404,16039.7818843653,444.861592544379,-235.43254066708,0.0288116947806377,0.558601266674232,0.0173764557097746,0.0114352390708631,0
405,69132.4452,558.314290980912,11344.1339928687,0.021352030711526,0.348381803071429,0.017004827485919,0.00434720322560699,0
406,45114.6751015672,536.092923667973,18058.8490916194,0.0281223132335376,0.531695130741041,0.01780960663307,0.0103127066004676,0
407,9419.769556662,601.69782925776,15000,0.0230144788588374,0.376618047212916,0.0179240370031088,0.00509044185572858,0
408,9419.769556662,601.69782925776,15000,0.0230144788588374,0.376618047212916,0.0179240370031088,0.00509044185572858,0
409,9419.769556662,601.69782925776,15000,0.0230144788588374,0.376618047212916,0.0179240370031088,0.00509044185572858,0
410,9419.769556662,601.69782925776,15000,0.0230144788588374,0.376618047212916,0.0179240370031088,0.00509044185572858,0
411,9419.769556662,601.69782925776,15000,0.0230144788588374,0.376618047212916,0.0179240370031088,0.00509044185572858,0
412,9419.769556662,601.69782925776,15000,0.0230144788588374,0.376618047212916,0.0179240370031088,0.00509044185572858,0
413,9419.769556662,601.69782925776,15000,0.0230144788588374,0.376618047212916,0.0179240370031088,0.00509044185572858,0
414,9419.769556662,601.69782925776,15000,0.0230144788588374,0.376618047212916,0.0179240370031088,0.00509044185572858,0
415,9419.769556662,601.69782925776,15000,0.0230144788588374,0.376618047212916,0.0179240370031088,0.00509044185572858,0
416,9419.769556662,601.69782925776,15000,0.0230144788588374,0.376618047212916,0.0179240370031088,0.00509044185572858,0
417,9419.769556662,601.69782925776,15000,0.0230144788588374,0.376618047212916,0.0179240370031088,0.00509044185572858,0
418,9419.769556662,601.69782925776,15000,0.0230144788588374,0.376618047212916,0.0179240370031088,0.00509044185572858,0
419,9419.769556662,601.69782925776,15000,0.0230144788588374,0.376618047212916,0.0179240370031088,0.00509044185572858,0
420,9419.769556662,601.69782925776,15000,0.0230144788588374,0.376618047212916,0.0179240370031088,0.00509044185572858,0
421,9419.769556662,601.69782925776,15000,0.0230144788588374,0.376618047212916,0.0179240370031088,0.00509044185572858,0
422,9419.769556662,601.69782925776,15000,0.0230144788588374,0.376618047212916,0.0179240370031088,0.00509044185572858,0
423,9419.769556662,601.69782925776,15000,0.0230144788588374,0.376618047212916,0.0179240370031088,0.00509044185572858,0
424,9419.769556662,601.69782925776,15000,0.0230144788588374,0.376618047212916,0.0179240370031088,0.00509044185572858,0
425,9419.769556662,601.69782925776,15000,0.0230144788588374,0.376618047212916,0.0179240370031088,0.00509044185572858,0
426,9419.769556662,601.69782925776,15000,0.0230144788588374,0.376618047212916,0.0179240370031088,0.00509044185572858,0
427,9419.769556662,601.69782925776,15000,0.0230144788588374,0.376618047212916,0.0179240370031088,0.00509044185572858,0
428,9419.769556662,601.69782925776,15000,0.0230144788588374,0.376618047212916,0.0179240370031088,0.00509044185572858,0
429,9419.769556662,601.69782925776,15000,0.0230144788588374,0.376618047212916,0.0179240370031088,0.00509044185572858,0
430,9419.769556662,601.69782925776,15000,0.0230144788588374,0.376618047212916,0.0179240370031088,0.00509044185572858,0
431,9419.769556662,601.69782925776,15000,0.0230144788588374,0.376618047212916,0.0179240370031088,0.00509044185572858,0
432,9419.769556662,601.69782925776,15000,0.0230144788588374,0.376618047212916,0.0179240370031088,0.00509044185572858,0
433,9419.769556662,601.69782925776,15000,0.0230144788588374,0.376618047212916,0.0179240370031088,0.00509044185572858,0
434,9419.769556662,601.69782925776,15000,0.0230144788588374,0.376618047212916,0.0179240370031088,0.00509044185572858,0
435,9419.769556662,601.69782925776,15000,0.0230144788588374,0.376618047212916,0.0179240370031088,0.00509044185572858,0
436,9419.769556662,601.69782925776,15000,0.0230144788588374,0.376618047212916,0.0179240370031088,0.00509044185572858,0
437,9419.769556662,601.69782925776,15000,0.0230144788588374,0.376618047212916,0.0179240370031088,0.00509044185572858,0
438,9419.769556662,601.69782925776,15000,0.0230144788588374,0.376618047212916,0.0179240370031088,0.00509044185572858,0
439,9419.769556662,601.69782925776,15000,0.0230144788588374,0.376618047212916,0.0179240370031088,0.00509044185572858,0
440,9419.769556662,601.69782925776,15000,0.0230144788588374,0.376618047212916,0.0179240370031088,0.00509044185572858,0
441,9419.769556662,601.69782925776,15000,0.0230144788588374,0.376618047212916,0.0179240370031088,0.00509044185572858,0
442,9419.769556662,601.69782925776,15000,0.0230144788588374,0.376618047212916,0.0179240370031088,0.00509044185572858,0
443,9419.769556662,601.69782925776,15000,0.0230144788588374,0.376618047212916,0.0179240370031088,0.00509044185572858,0
444,9419.769556662,601.69782925776,15000,0.0230144788588374,0.376618047212916,0.0179240370031088,0.00509044185572858,0
445,9419.769556662,601.69782925776,15000,0.0230144788588374,0.376618047212916,0.0179240370031088,0.00509044185572858,0
446,9419.769556662,601.69782925776,15000,0.0230144788588374,0.376618047212916,0.0179240370031088,0.00509044185572858,0
447,9419.769556662,601.69782925776,15000,0.0230144788588374,0.376618047212916,0.0179240370031088,0.00509044185572858,0
448,9419.769556662,601.69782925776,15000,0.0230144788588374,0.376618047212916,0.0179240370031088,0.00509044185572858,0
449,9419.769556662,601.69782925776,15000,0.0230144788588374,0.376618047212916,0.0179240370031088,0.00509044185572858,0
450,9419.769556662,601.69782925776,15000,0.0230144788588374,0.376618047212916,0.0179240370031088,0.00509044185572858,0
451,9419.769556662,601.69782925776,15000,0.0230144788588374,0.376618047212916,0.0179240370031088,0.00509044185572858,0
452,9419.769556662,601.69782925776,15000,0.0230144788588374,0.376618047212916,0.0179240370031088,0.00509044185572858,0
453,9419.769556662,601.69782925776,15000,0.0230144788588374,0.376618047212916,0.0179240370031088,0.00509044185572858,0
454,9419.769556662,601.69782925776,15000,0.0230144788588374,0.376618047212916,0.0179240370031088,0.00509044185572858,0
455,9419.769556662,601.69782925776,15000,0.0230144788588374,0.376618047212916,0.0179240370031088,0.00509044185572858,0
456,9419.769556662,601.69782925776,15000,0.0230144788588374,0.376618047212916,0.0179240370031088,0.00509044185572858,0
457,9419.769556662,601.69782925776,15000,0.0230144788588374,0.376618047212916,0.0179240370031088,0.00509044185572858,0
458,9419.769556662,601.69782925776,15000,0.0230144788588374,0.376618047212916,0.0179240370031088,0.00509044185572858,0
459,9419.769556662,601.69782925776,15000,0.0230144788588374,0.376618047212916,0.0179240370031088,0.00509044185572858,0
460,9419.769556662,601.69782925776,15000,0.0230144788588374,0.376618047212916,0.0179240370031088,0.00509044185572858,0
461,21826.0342953925,818.478242259238,12425.3855767866,0.022084681038457,0.257622683255782,0.0175161039830315,0.00237563881320057,0.00219293824222498
462,17272.0337357282,640.71197944991,10410.9155387259,0.0230333035322274,0.386339878182566,0.0176730344384294,0.00536026909379797,0
463,17653.5076394522,645.546722042224,8381.12752092188,0.0220877402346993,0.356647749524948,0.0175293918357707,0.00455834839892853,0
464,15921.8927305473,433.58791861679,7018.17560490358,0.0385643473897335,0.741183793110286,0.0179067582070789,0.0206575891826545,0
465,15835.438609902,435.738994649646,5648.44806033155,0.036287358430384,0.703060136816449,0.0178036940910527,0.0184836643393313,0
466,15776.2042812427,437.890118636257,4271.94215274699,0.0342562518651737,0.667062359960761,0.0177031039954947,0.016553147869679,0
467,15742.1363661082,440.041294136274,2888.65517919479,0.0324385294655319,0.63306177577949,0.0176014937518309,0.014837035713701,0
468,15732.6120811026,442.19252459119,1498.58434194904,0.0308105408827404,0.600938146651151,0.0175005365502954,0.0133100043324449,0
469,15746.7528801546,444.343813522145,101.726774202954,0.0293502369476836,0.570579041915367,0.0174003388852567,0.0119498980624269,0
470,15784.207915486,446.495164488533,-1301.92051019161,0.0280396043577548,0.541879303652973,0.0173022818586749,0.01073732249908,0
